4 0.46519921875000003 0.2700625 0.011820312500000001 0.07193055555555555
2 0.466765625 0.22094444444444447 0.01113671875 0.019854166666666666
3 0.47712890625000004 0.22179166666666666 0.00641015625 0.023972222222222225
3 0.4851328125 0.22118749999999998 0.00786328125 0.0251875
0 0.46478906249999996 0.32706250000000003 0.008546874999999999 0.03488888888888889
0 0.47569921875 0.32613194444444443 0.00963671875 0.03222222222222222
3 0.4657890625 0.4007986111111111 0.0069101562500000005 0.02314583333333333
3 0.47372265625 0.3990208333333334 0.0067734375 0.022826388888888886
5 0.48419921875 0.39845138888888887 0.013546875 0.026541666666666665
6 0.4868359375 0.7359583333333333 0.02809375 0.04045138888888889
1 0.52578125 0.4918819444444444 0.1609375 0.6358472222222222