4 0.60785546875 0.20913194444444444 0.0076328125 0.04539583333333334
6 0.60819140625 0.5262708333333334 0.014351562500000001 0.03001388888888889
5 0.61539453125 0.29488888888888887 0.00562890625 0.015215277777777777
3 0.6060625 0.29420138888888886 0.0036992187500000002 0.015034722222222222
3 0.61023046875 0.2940416666666667 0.0033750000000000004 0.014409722222222223
0 0.60740625 0.24509027777777778 0.00344140625 0.01925
0 0.61284765625 0.2457222222222222 0.005359375 0.019305555555555555
2 0.61131640625 0.17731944444444445 0.004703125 0.011416666666666667
3 0.61613671875 0.1775 0.0034062500000000004 0.015958333333333335
3 0.6200234375 0.1768888888888889 0.00310546875 0.015034722222222222
1 0.640625 0.3754166666666667 0.1015625 0.4688888888888889