4 0.43656249999999996 0.2036388888888889 0.01220703125 0.07552777777777778
2 0.43980859375000003 0.1478472222222222 0.009015625 0.022916666666666665
3 0.44827734374999995 0.1476111111111111 0.005359375 0.027562499999999997
3 0.45474218750000006 0.14728472222222222 0.0054765625 0.028555555555555553
0 0.43826953125 0.26477083333333334 0.006546875000000001 0.034069444444444444
0 0.44763671875 0.26593055555555556 0.006640625 0.034729166666666665
3 0.43966796874999997 0.34686805555555555 0.005613281249999999 0.02719444444444444
3 0.44614453125000003 0.3477986111111111 0.005523437500000001 0.02698611111111111
5 0.45451953125 0.34905555555555556 0.009460937499999999 0.02867361111111111
6 0.456359375 0.7280416666666667 0.025722656249999996 0.058465277777777776
1 0.50302734375 0.4779791666666666 0.1642578125 0.8024930555555555