4 0.73894921875 0.25811805555555556 0.010988281249999999 0.05475694444444444
2 0.7411484374999999 0.21984027777777776 0.007285156249999999 0.014458333333333333
3 0.74815234375 0.22056944444444446 0.0037343750000000003 0.019902777777777776
3 0.7543203125 0.22010416666666666 0.007097656250000001 0.020305555555555556
0 0.7345937499999999 0.3005625 0.00575390625 0.025131944444444443
0 0.7434296875 0.3014236111111111 0.00833203125 0.025527777777777778
3 0.7316953125000001 0.35804861111111114 0.00556640625 0.0185625
3 0.73784375 0.3574861111111111 0.0049335937500000005 0.018104166666666668
5 0.74531640625 0.3572569444444445 0.0094140625 0.019631944444444445
6 0.7315273437500001 0.6261597222222222 0.0190546875 0.036041666666666666
1 0.775 0.4309652777777778 0.14375 0.4966458333333333