4 0.601390625 0.25387499999999996 0.010140625 0.05142361111111111
2 0.6042265625 0.2197777777777778 0.007117187499999999 0.012868055555555556
3 0.61131640625 0.21993749999999998 0.0051953125 0.017347222222222222
3 0.6174453125 0.22088194444444445 0.00540234375 0.01877777777777778
3 0.59892578125 0.34736805555555555 0.0058671875 0.017368055555555557
3 0.60476953125 0.3478541666666667 0.00477734375 0.017875
5 0.61218359375 0.3474583333333333 0.00838671875 0.019395833333333334
0 0.59992578125 0.2945625 0.00553125 0.024395833333333335
0 0.6079765625 0.29520833333333335 0.0064140625000000005 0.023847222222222225
6 0.605484375 0.5987847222222222 0.01976171875 0.03036111111111111
1 0.64873046875 0.42697222222222225 0.1353515625 0.48519444444444443