4 0.7259921874999999 0.20356944444444444 0.01743359375 0.075
2 0.7311757812499999 0.1489236111111111 0.01069140625 0.0198125
3 0.74330078125 0.1486111111111111 0.0073984375000000005 0.027347222222222224
3 0.7529375 0.14904166666666668 0.00842578125 0.02725
0 0.72105078125 0.26300694444444445 0.009343750000000001 0.03339583333333333
0 0.73369921875 0.2644930555555556 0.0120703125 0.033493055555555554
3 0.7177265625 0.34343055555555557 0.008640625 0.025736111111111112
3 0.727234375 0.34403472222222226 0.00820703125 0.025381944444444443
5 0.73818359375 0.34491666666666665 0.01309765625 0.02408333333333333
6 0.7188359375 0.7160277777777777 0.03191796875 0.051854166666666666
1 0.80517578125 0.46479166666666666 0.2490234375 0.7483333333333333