4 0.6237539062499999 0.2717986111111111 0.013144531249999999 0.07105555555555555
2 0.6257265624999999 0.2211111111111111 0.00998828125 0.01982638888888889
3 0.635953125 0.22138888888888889 0.00684375 0.025979166666666664
3 0.64377734375 0.22166666666666665 0.00660546875 0.026534722222222223
0 0.6213632812500001 0.32681944444444444 0.0083359375 0.03409722222222222
0 0.6307421875 0.3259097222222222 0.00790234375 0.033680555555555554
3 0.61884765625 0.40014583333333337 0.006449218750000001 0.025548611111111112
3 0.6264960937499999 0.3995486111111111 0.0069609375 0.0250625
5 0.635578125 0.39797916666666666 0.013171875 0.025409722222222226
6 0.6275000000000001 0.7366874999999999 0.02532421875 0.04078472222222222
1 0.67705078125 0.48754166666666665 0.1646484375 0.6306388888888889