4 0.5905859375 0.19997222222222222 0.01683984375 0.09813194444444445
2 0.59511328125 0.12938194444444445 0.013125000000000001 0.026576388888888892
3 0.608421875 0.12921527777777778 0.00853515625 0.036041666666666666
3 0.619953125 0.12759027777777776 0.00933984375 0.034409722222222223
0 0.58661328125 0.27696527777777774 0.01103515625 0.043131944444444445
0 0.60120703125 0.27713194444444444 0.00993359375 0.043458333333333335
3 0.5852929687499999 0.37709027777777776 0.00816796875 0.030444444444444448
3 0.5958476562499999 0.3779652777777778 0.00816796875 0.029388888888888888
5 0.60924609375 0.37900694444444444 0.0156953125 0.028534722222222225
6 0.597546875 0.8379652777777779 0.03726171875 0.06229861111111111
1 0.691796875 0.521875 0.28203125 0.95625