4 0.6406835937500001 0.2596875 0.01175390625 0.059013888888888894
2 0.64319921875 0.21956944444444446 0.00841015625 0.014791666666666667
3 0.6519609375 0.22058333333333333 0.00559375 0.021673611111111112
3 0.65861328125 0.221 0.006140625 0.02250694444444444
0 0.63795703125 0.30419444444444443 0.00731640625 0.026868055555555555
0 0.64777734375 0.3047152777777778 0.00825390625 0.028604166666666667
3 0.6359804687499999 0.3646666666666667 0.00688671875 0.02125
3 0.64316015625 0.3637986111111111 0.00653125 0.020208333333333335
5 0.65076953125 0.36390277777777774 0.010484375 0.021111111111111112
6 0.64292578125 0.6444791666666666 0.0227265625 0.03286111111111111
1 0.69140625 0.4443263888888889 0.15625 0.5199027777777777